191768138 [64.612, 0.019]
191782596 [14.998, 5.027]
191918339 [2.015, 2.015, 2.014, 2.014, 2.021, 1535.555, 2.016, 2.02, 2.019, 2.016, 2.018, 50.955, 5.031, 5.023, 5.025, 5.028, 5.027, 192.254]
191918351 [2.016, 2.018, 2.03, 2.019, 2.018, 4.909]
191918352 [2.019, 2.023, 2.015, 2.022, 2.016, 4.915]
191918360 [2.062, 2.018, 2.015, 2.016, 2.068, 51.41]
191918388 [2.014, 2.018, 2.022, 2.025, 2.017, 486.835]
191918462 [2.021, 2.025, 2.025, 2.022, 2.027, 1223.797]
191918609 [2.013, 2.014, 2.014, 2.015, 2.019, 313.979]
191918610 [2.015, 2.016, 2.023, 2.017, 2.016, 324.284]
191918616 [2.017, 2.012, 2.014, 2.023, 2.014, 4.924, 5.025, 5.022, 5.027, 5.05, 5.023, 21.719]
191918647 [2.016, 2.016, 2.014, 2.017, 2.016, 1696.863]
191918660 [2.013, 2.016, 2.043, 2.014, 2.015, 582.626]
191918712 [2.018, 2.019, 2.02, 2.018, 2.023, 50.701]
191918714 [2.017, 2.018, 2.018, 2.02, 2.025, 51.78]
191918965 [2.031, 3.661, 0.38, 2.018, 2.021, 1573.033]
191918984 [2.028, 2.034, 2.03, 2.041, 2.033, 47.696]
191919033 [2.02, 2.019, 2.02, 2.019, 2.022, 50.655]
191919106 [2.017, 2.022, 2.018, 2.015, 2.019, 52.937]
191919221 [2.014, 2.016, 2.017, 2.014, 2.013, 51.303]
191919356 [2.019, 2.02, 2.028, 2.023, 2.02, 590.763]
191919387 [2.018, 2.017, 2.015, 2.029, 2.021, 1510.242]
191919600 [2.016, 2.017, 2.015, 2.017, 2.014, 1242.125]
191919729 [2.018, 2.016, 2.015, 2.061, 2.017, 638.789]
191919738 [2.015, 2.014, 2.013, 2.014, 2.021, 4.932]
191919847 [2.019, 2.026, 2.055, 2.019, 2.023, 50.622]
191919869 [2.019, 2.024, 2.022, 2.021, 2.021, 4.901]
191919874 [2.021, 2.028, 2.043, 2.019, 2.02, 1699.844]
191920039 [2.018, 2.016, 2.023, 2.018, 2.018, 51.184]
191920055 [2.014, 2.016, 2.017, 2.025, 2.018, 1571.553]
191920060 [2.018, 2.016, 2.026, 2.02, 2.021, 703.812]
191920089 [2.015, 2.018, 2.014, 2.022, 2.016, 1630.354]
191920116 [2.021, 2.027, 2.017, 2.019, 2.016, 1757.814]
191920129 [2.015, 2.016, 2.016, 2.019, 2.012, 1525.745]
191920349 [2.013, 2.015, 2.018, 2.012, 2.031, 1689.419]
191920384 [2.021, 2.025, 2.017, 2.015, 2.015, 1549.719, 2.016, 2.017, 2.022, 2.02, 2.019, 4.913]
191920428 [2.015, 2.021, 2.016, 2.018, 2.018, 1538.325]
191920437 [2.03, 2.014, 2.016, 2.022, 2.014, 1548.631]
191920809 [2.02, 2.017, 2.066, 2.022, 2.019, 51.146]
191920817 [2.021, 2.017, 2.022, 2.021, 2.018, 1560.568]
191920980 [2.02, 2.015, 2.013, 2.017, 2.019, 4.855, 5.016, 5.017, 5.055, 5.016, 5.016, 20.347]
191921068 [2.02, 2.015, 2.017, 2.017, 2.016, 1694.019]
191921077 [2.041, 2.017, 2.014, 2.018, 2.019, 1696.479, 2.015, 2.015, 2.014, 2.018, 2.025, 51.354, 5.023, 5.022, 5.021, 5.02, 5.024, 538.903, 5.035, 5.028, 5.028, 5.038, 5.028, 679.981]
191921081 [2.014, 2.012, 2.018, 2.017, 2.016, 1721.203]
191921089 [2.018, 2.014, 2.017, 2.017, 2.02, 1771.301]
191921096 [2.023, 2.019, 2.016, 2.015, 2.019, 1745.408]
191921220 [2.024, 2.018, 2.016, 2.016, 2.018, 1506.798]
191921222 [2.017, 2.019, 2.015, 2.014, 2.014, 1501.183]
191921223 [2.016, 2.018, 2.026, 2.018, 2.017, 1520.979]
191921386 [2.013, 2.014, 2.015, 2.014, 2.025, 1690.932]
191921411 [2.016, 2.016, 2.018, 2.021, 2.018, 1728.566]
191921424 [2.04, 2.016, 2.021, 2.034, 2.015, 1780.412]
191921517 [2.016, 2.018, 2.014, 2.02, 2.019, 4.921]
191921525 [2.018, 2.02, 2.064, 2.032, 2.027, 783.728]
191921582 [2.015, 2.015, 2.015, 2.014, 2.016, 1556.158]
191921632 [2.014, 2.019, 2.035, 2.015, 2.019, 51.155]
191921634 [2.017, 2.017, 2.018, 2.016, 2.016, 1559.023]
191921754 [2.018, 2.066, 2.02, 2.015, 2.017, 1259.854]
191921985 [2.017, 2.019, 2.015, 2.019, 2.014, 659.571]
191922104 [2.016, 2.017, 2.015, 2.015, 2.013, 339.423, 2.015, 2.014, 2.011, 2.019, 2.014, 279.541]
191922111 [2.016, 2.019, 2.014, 2.014, 2.017, 359.823]
191922125 [2.038, 2.015, 2.015, 2.014, 2.015, 359.157]
191922134 [2.022, 2.016, 2.036, 2.016, 2.014, 348.283]
191922172 [2.03, 2.014, 2.015, 2.017, 2.021, 359.594]
191922195 [2.018, 2.017, 2.022, 2.014, 2.095, 349.092]
191922204 [2.015, 2.016, 2.014, 2.015, 2.015, 358.885]
191922256 [2.016, 2.015, 2.017, 2.014, 2.019, 1535.733]
191922290 [2.016, 2.047, 2.022, 2.017, 2.017, 4.879, 2.017, 2.019, 2.017, 2.022, 2.019, 3652.532]
191922301 [2.016, 2.017, 2.018, 2.016, 2.016, 1658.226]
191922565 [2.013, 2.017, 2.014, 2.016, 2.017, 1578.768]
191922571 [2.024, 2.015, 2.016, 2.039, 2.017, 1597.914]
191922610 [2.015, 2.015, 2.013, 2.015, 2.017, 1685.817]
191922698 [2.022, 2.016, 2.076, 2.014, 2.017, 1543.957]
191923144 [2.019, 2.016, 2.018, 2.02, 2.021, 1676.667]
191923158 [2.045, 2.019, 2.021, 2.025, 2.019, 1691.132]
191923184 [2.016, 2.023, 2.02, 2.018, 2.017, 1710.15]
191923190 [2.014, 2.018, 2.015, 2.014, 2.017, 1706.12]
191923203 [2.019, 2.02, 2.02, 2.021, 2.022, 848.283]
191923216 [2.064, 2.051, 2.013, 2.016, 2.017, 1488.828, 2.016, 2.017, 2.02, 2.016, 2.016, 50.456, 5.039, 5.026, 5.027, 5.028, 5.083, 285.458]
191923253 [2.014, 2.014, 2.014, 2.019, 2.022, 1567.999]
191923261 [2.013, 2.027, 2.015, 2.016, 2.018, 1561.514]
191923386 [2.015, 2.064, 2.018, 2.02, 2.018, 1788.017]
191923397 [2.018, 2.015, 2.02, 2.019, 2.015, 1502.743]
191923432 [2.017, 2.111, 2.067, 2.015, 2.018, 1558.253]
191923491 [2.018, 2.036, 2.015, 2.016, 2.017, 1549.846]
191923547 [2.017, 2.015, 2.014, 2.02, 2.018, 1568.824]
191923608 [2.022, 2.023, 2.02, 2.018, 2.015, 1269.944]
191923612 [2.017, 2.056, 2.018, 2.019, 2.016, 1257.965]
191923624 [2.03, 2.016, 2.016, 2.017, 2.017, 1268.041]
191923658 [2.015, 2.017, 2.017, 2.015, 2.014, 1257.82]
191923710 [2.016, 2.025, 2.018, 2.013, 2.013, 968.956]
191923712 [2.024, 2.021, 2.022, 2.016, 2.014, 970.082]
191923822 [2.017, 2.026, 2.018, 2.014, 2.016, 967.966]
191923961 [2.017, 2.019, 2.019, 2.018, 2.019, 669.311]
191924127 [2.023, 2.021, 2.017, 2.022, 2.016, 368.869]
191924132 [2.018, 2.021, 2.02, 2.02, 2.058, 4.87]
191924140 [2.036, 2.018, 2.017, 2.016, 2.016, 358.945]
191924179 [2.018, 2.019, 2.018, 2.023, 2.019, 348.631]
191924180 [2.019, 2.018, 2.015, 2.02, 2.05, 358.477]
191924181 [2.02, 2.017, 2.02, 2.043, 2.039, 369.239]
191924255 [2.015, 2.014, 2.016, 2.016, 2.015, 1517.51]
191924303 [2.014, 2.014, 2.015, 2.018, 2.013, 1613.37]
191924491 [2.022, 2.021, 2.019, 2.094, 2.019, 1666.94]
191924559 [2.016, 2.013, 2.019, 2.017, 2.017, 1793.535, 5.029, 5.024, 4.982, 0.062]
191924567 [2.019, 2.016, 2.013, 2.012, 2.015, 1510.513]
191924605 [2.016, 2.012, 2.019, 2.018, 2.013, 1577.33]
191924937 [2.016, 2.015, 2.016, 2.012, 2.015, 1578.557]
191925137 [2.02, 2.022, 2.02, 2.017, 2.02, 1642.969]
191925334 [2.018, 2.054, 2.017, 2.015, 2.019, 1651.18]
191925620 [2.026, 2.043, 2.019, 2.015, 2.016, 51.428]
191925638 [2.016, 2.015, 2.013, 2.016, 2.015, 1280.921]
191925642 [2.013, 2.016, 2.025, 2.042, 2.018, 1281.016]
191925953 [2.013, 2.017, 2.015, 2.015, 2.019, 681.961]
191925957 [2.014, 2.016, 2.016, 2.015, 2.02, 682.028]
191925970 [2.015, 2.016, 2.016, 2.015, 2.02, 671.696]
AR100006741868 [2.019, 2.017, 2.017, 2.019, 2.179, 75.816]
AR100006741877 [2.018, 2.02, 2.018, 2.024, 2.022, 189.859]
AR100006741883 [2.021, 2.014, 2.014, 2.015, 2.059, 189.892]
AR100006741934 [2.017, 2.019, 2.012, 2.015, 2.013, 189.932]
AR100006741965 [2.021, 2.019, 2.016, 2.016, 2.016, 189.976]
AR100006741975 [2.018, 2.03, 2.014, 2.017, 2.014, 189.977]
AR100006741990 [2.02, 2.023, 2.021, 2.023, 2.021, 189.884]
AR100006742083 [2.022, 2.022, 2.025, 2.02, 2.029, 189.796]
AR100006742150 [2.027, 2.02, 2.025, 2.02, 2.024, 189.909]
AR100006742219 [2.019, 2.022, 2.022, 2.02, 2.019, 189.992]
AR100006742233 [2.011, 2.016, 2.018, 2.018, 2.016, 189.954]
AR100006742250 [2.015, 2.034, 2.047, 2.016, 2.016, 189.828]
AR100006742261 [2.018, 2.019, 2.017, 2.015, 2.016, 189.92]
AR100006742314 [2.024, 2.019, 2.074, 2.02, 2.032, 84.057]
AR100006742338 [2.015, 2.02, 2.015, 2.016, 2.016, 189.845]
AR100006742349 [2.015, 2.015, 2.023, 2.015, 2.026, 189.934]
AR100006742454 [2.016, 2.016, 2.013, 2.014, 2.014, 189.928]
AR100006742541 [2.019, 2.02, 2.019, 2.022, 2.02, 189.886]
AR100006742584 [2.023, 2.035, 2.022, 2.021, 2.022, 189.875]
AR100006742628 [2.019, 2.015, 2.017, 2.014, 2.016, 189.982]
AR100006742686 [2.016, 2.018, 2.019, 2.018, 2.018, 189.928]
CN1303709939 [2.023, 2.017, 2.019, 2.02, 2.015, 53.074]
CN1303710478 [2.016, 2.016, 2.016, 2.015, 2.014, 4.843, 5.026, 5.023, 5.021, 5.024, 5.019, 20.845]
CN1303713124 [2.016, 2.014, 2.034, 2.015, 2.014, 4.913, 5.026, 5.027, 4.997, 0.027]
CN1303714855 [2.018, 2.021, 2.017, 2.017, 2.017, 4.919]
CN1303716031 [2.014, 2.018, 2.017, 2.019, 2.017, 4.922, 5.027, 5.021, 4.949, 0.08]
CN1303716727 [2.016, 2.018, 2.016, 2.014, 2.015, 5.828]
CN1303718388 [2.02, 2.018, 2.017, 2.021, 2.017, 4.93, 5.032, 5.022, 5.025, 5.023, 5.027, 21.567]
CN1303718422 [2.023, 2.016, 2.018, 2.017, 2.019, 53.535]
CN1303720467 [2.015, 2.018, 2.015, 2.018, 2.017, 4.92]
CN1303723379 [2.014, 2.017, 2.041, 2.012, 2.013, 4.926, 5.024, 5.025, 5.025, 5.081, 5.024, 21.119]
CN1303727753 [2.022, 2.016, 2.02, 2.024, 2.032, 4.888, 5.025, 5.028, 5.028, 5.028, 5.027, 24.231]
CN1303735062 [2.021, 2.017, 2.02, 2.018, 2.021, 4.902]
CN1303739860 [2.016, 2.027, 2.016, 2.013, 2.017, 4.914]
CN1303742193 [2.015, 2.02, 2.022, 2.014, 2.014, 53.725]
CN1303743148 [2.02, 2.018, 2.019, 2.052, 2.023, 6.661]
CN1303743242 [2.02, 2.017, 2.015, 2.018, 2.017, 4.917]
CN1303745871 [2.021, 2.018, 2.013, 2.014, 2.015, 7.513]
CN1303745959 [2.032, 2.017, 2.016, 2.019, 2.025, 5.254]
CN1304408704 [2.028, 2.04, 2.025, 2.023, 2.049, 4.856]
EO1303688380 [2.018, 2.022, 2.017, 2.021, 2.018, 4.895]
EO1303701120 [2.016, 2.016, 2.018, 2.015, 2.017, 51.941]
EO1303701823 [2.025, 2.02, 2.02, 2.02, 2.017, 4.933]
EO1303702328 [2.017, 2.017, 2.016, 2.015, 2.019, 58.563]
EO1303702339 [2.018, 2.015, 2.022, 2.015, 2.015, 56.215]
EO1303702341 [2.014, 2.017, 2.018, 2.016, 2.016, 4.924]
EO1303702356 [2.015, 2.018, 2.019, 2.019, 2.016, 50.967]
EO1303702762 [2.019, 2.02, 2.019, 2.016, 2.015, 58.365]
EO1303702801 [2.025, 2.02, 2.017, 2.015, 2.015, 4.954]
EO1303703021 [2.02, 2.019, 2.02, 2.018, 2.021, 51.218]
EO1303703030 [2.02, 2.043, 2.019, 2.017, 2.017, 4.882]
EO1303703033 [2.021, 2.02, 2.021, 2.018, 2.018, 53.392]
EO1303703062 [2.016, 2.018, 2.018, 2.018, 2.053, 55.521]
EO1303703072 [2.023, 2.018, 2.017, 2.035, 2.021, 4.875, 2.047, 2.015, 2.015, 2.016, 2.032, 1115.927]
EO1303703084 [2.018, 2.015, 2.017, 2.015, 2.017, 4.915, 2.013, 2.018, 2.015, 2.016, 2.016, 1110.589]
EO1303703148 [2.014, 2.023, 2.019, 2.015, 2.017, 51.324]
EO1303703455 [2.021, 2.02, 2.017, 2.016, 2.019]
EO1303703464 [2.034, 2.019, 2.016, 2.022, 2.031, 53.637]
EO1303703582 [2.017, 2.019, 2.033, 2.023, 2.019, 56.798]
EO1303703715 [2.013, 2.014, 2.022, 2.013, 2.017, 56.164]
EO1303703927 [2.052, 2.014, 2.023, 2.015, 2.02, 50.462]
EO1303703964 [2.02, 2.014, 2.017, 2.016, 2.021, 4.927]
EO1303704048 [2.023, 2.051, 2.013, 2.014, 2.016, 52.532]
EO1303704141 [2.016, 2.011, 2.013, 2.014, 2.012, 4.951]
EO1303704226 [2.017, 2.014, 2.014, 2.016, 2.015, 51.638]
EO1303704232 [2.019, 2.023, 2.019, 2.02, 2.015, 4.891]
EO1303704239 [2.014, 2.015, 2.017, 2.014, 2.014, 4.936]
EO1303704310 [2.021, 2.02, 2.05, 2.017, 2.018, 51.501]
EO1303704387 [2.013, 2.015, 2.013, 2.021, 2.013, 51.599]
EO1303704443 [2.035, 2.024, 2.02, 2.038, 2.018, 51.688]
EO1303704452 [2.02, 2.02, 2.07, 2.021, 2.021, 4.82]
EO1303704874 [2.021, 2.021, 2.026, 2.025, 2.021, 51.711]
EO1303704913 [2.062, 2.019, 2.019, 2.021, 2.018, 4.823]
EO1303704953 [2.023, 2.021, 2.021, 2.017, 2.029, 4.895]
EO1303704973 [2.022, 2.018, 2.019, 2.018, 2.017, 4.939]
EO1303705244 [2.013, 2.013, 2.016, 2.015, 2.014, 52.212]
EO1303705304 [2.014, 2.016, 2.017, 2.016, 2.018, 4.925]
EO1303705501 [2.014, 2.018, 2.016, 2.016, 2.019, 4.952]
EO1303705567 [2.016, 2.018, 2.015, 2.016, 2.015, 4.97]
EO1303705621 [2.017, 2.018, 2.017, 2.014, 2.017, 4.937]
EO1303705806 [2.025, 2.019, 2.022, 2.025, 2.02, 4.899]
EO1303706077 [2.021, 2.02, 2.016, 2.024, 2.022, 51.352]
EO1303706540 [2.017, 2.022, 2.015, 2.013, 2.013, 4.917, 2.015, 2.013, 2.016, 2.015, 2.014, 2389.734]
EO1303706842 [2.023, 2.021, 2.018, 2.019, 2.017, 4.918]
EO1303706995 [2.015, 2.018, 2.015, 2.019, 2.017, 51.789]
EO1303707335 [2.02, 2.024, 2.02, 2.04, 2.021, 51.211]
EO1303707405 [2.021, 2.022, 2.021, 2.021, 2.022, 56.08]
EO1303707523 [2.018, 2.017, 2.018, 2.019, 2.018, 4.962]
EO1303707531 [2.019, 2.017, 2.017, 2.016, 2.017]
EO1303707587 [2.016, 2.023, 2.018, 2.017, 2.023, 4.905, 2.087, 2.03, 2.017, 2.019, 2.019, 1517.963]
EO1303707589 [2.017, 2.017, 2.017, 2.018, 2.052, 55.651]
EO1303707601 [2.017, 2.02, 2.019, 2.019, 2.018, 4.926]
EO1303707794 [2.028, 2.021, 2.016, 2.015, 2.016, 51.71]
EO1303707858 [2.015, 2.015, 2.014, 2.017, 2.014, 4.932]
EO1303707871 [2.016, 2.016, 2.017, 2.02, 2.014, 55.761]
EO1303707906 [2.016, 2.016, 2.011, 2.011, 2.014, 50.824]
EO1303708051 [2.015, 2.015, 2.014, 2.015, 2.016, 50.854]
EO1303708203 [2.02, 2.02, 2.039, 2.018, 2.02, 4.902]
EO1303708247 [2.021, 2.02, 2.021, 2.019, 2.019, 51.798]
EO1303708281 [2.018, 2.022, 2.021, 2.027, 2.022, 4.89]
EO1303708306 [2.014, 2.02, 2.016, 2.022, 2.016, 51.851]
EO1303708316 [2.018, 2.018, 2.015, 2.015, 2.018, 56.18]
EO1303708463 [2.02, 2.019, 2.02, 2.02, 2.021, 51.754]
EO1303708535 [2.017, 2.02, 2.017, 2.023, 2.016, 4.882]
EO1303708562 [2.02, 2.019, 2.018, 2.023, 2.017, 51.122]
EO1303708581 [2.022, 2.022, 2.022, 2.019, 2.022, 4.896]
EO1303708614 [2.012, 2.014, 2.014, 2.012, 2.031, 51.079]
EO1303708626 [2.013, 2.014, 2.012, 2.014, 2.011, 57.031]
EO1303708815 [2.019, 2.024, 2.021, 2.02, 2.021, 4.928]
EO1303708845 [2.015, 2.014, 2.014, 2.015, 2.015, 51.919]
EO1303708974 [2.015, 2.014, 2.015, 2.018, 2.025, 4.951]
EO1303708991 [2.013, 2.016, 2.014, 2.016, 2.015, 51.979]
EO1303708998 [2.015, 2.017, 2.015, 2.012, 2.014, 4.939]
EO1303709163 [2.053, 2.022, 2.022, 2.019, 2.017, 50.621]
EO1303709176 [2.018, 2.019, 2.025, 2.021, 2.017, 4.887]
EO1303709205 [2.021, 2.016, 2.018, 2.019, 2.042, 51.146]
EO1303709219 [2.019, 2.016, 2.019, 2.064, 2.026, 52.322]
EO1303709327 [2.021, 2.021, 2.02, 2.019, 2.061, 4.846]
EO1303709361 [2.044, 2.016, 2.023, 2.019, 2.021, 4.878]
EO1303709362 [2.056, 2.015, 2.013, 2.015, 2.012, 51.188]
EO1303709596 [2.013, 2.015, 2.016, 2.019, 2.056, 53.162]
EO1303709635 [2.013, 2.017, 2.013, 2.013, 2.017, 4.967]
EO1303709708 [2.036, 2.018, 2.014, 2.015, 2.019, 52.129]
EO1303710003 [2.015, 2.02, 2.014, 2.017, 2.014, 4.924]
EO1303710191 [2.017, 2.015, 2.02, 2.017, 2.018, 4.947]
EO1303710272 [2.019, 2.017, 2.014, 2.017, 2.016, 52.767]
EO1303710447 [2.019, 2.023, 2.013, 2.016, 2.015, 53.439]
EO1303710759 [2.015, 2.021, 2.02, 2.016, 2.016, 51.554]
EO1303710833 [2.019, 2.021, 2.022, 2.02, 2.019, 51.159]
EO1303710847 [2.022, 2.019, 2.02, 2.017, 2.019, 4.906]
EO1303710917 [2.017, 2.232, 2.016, 2.018, 2.019, 4.734]
EO1303710925 [2.017, 2.017, 2.02, 2.019, 2.017, 53.427]
EO1303711105 [2.018, 2.023, 2.023, 2.016, 2.056, 4.873]
EO1303711120 [2.017, 2.022, 2.017, 2.018, 2.017, 51.469]
EO1303711194 [2.023, 2.02, 2.017, 2.021, 2.014, 51.636]
EO1303711347 [2.014, 2.012, 2.014, 2.017, 2.013, 58.131]
EO1303711457 [2.02, 2.021, 2.021, 2.023, 2.019, 51.551]
EO1303711484 [2.02, 2.017, 2.027, 2.019, 2.026, 57.656]
EO1303711499 [2.02, 2.017, 2.019, 2.021, 2.03, 4.89]
EO1303711503 [2.022, 2.054, 2.021, 2.022, 2.026, 50.801]
EO1303711773 [2.018, 2.016, 2.016, 2.015, 2.02, 52.676]
EO1303711804 [2.018, 2.015, 2.018, 2.02, 2.02, 4.951]
EO1303711951 [2.056, 2.019, 2.021, 2.016, 2.014, 51.87]
EO1303712377 [2.024, 2.025, 2.02, 2.024, 2.023, 4.882]
EO1303712607 [2.02, 2.022, 2.02, 2.018, 2.017, 58.254]
EO1303712693 [2.013, 2.017, 2.013, 2.016, 2.014, 51.638]
EO1303712775 [2.013, 2.016, 2.016, 2.016, 2.015, 60.651]
EO1303712868 [2.016, 2.024, 2.018, 2.032, 2.018, 50.673]
EO1303713110 [2.013, 2.015, 2.014, 2.014, 2.018, 52.633]
EO1303713186 [2.017, 2.019, 2.018, 2.018, 2.02, 51.859]
EO1303713190 [2.019, 2.021, 2.02, 2.018, 2.015, 4.946]
EO1303713195 [2.019, 2.02, 2.02, 2.02, 2.017, 51.541]
EO1303713209 [2.018, 2.018, 2.02, 2.018, 2.02, 4.886]
EO1303713287 [2.017, 2.018, 2.019, 2.018, 2.021, 4.915]
EO1303713330 [2.016, 2.013, 2.014, 2.016, 2.014, 59.435]
EO1303713440 [2.015, 2.02, 2.018, 2.017, 2.02, 51.006]
EO1303713460 [2.02, 2.016, 2.021, 2.018, 2.032, 4.896]
EO1303713517 [2.019, 2.014, 2.014, 2.014, 2.016, 4.93]
EO1303713599 [2.016, 2.013, 2.019, 2.019, 2.013, 51.039]
EO1303713611 [2.013, 2.049, 2.017, 2.013, 2.015, 4.902]
EO1303713714 [2.016, 2.015, 2.023, 2.014, 2.015, 51.047]
EO1303713909 [2.019, 2.015, 2.018, 2.019, 2.013, 4.921]
EO1303714091 [2.015, 2.016, 2.013, 2.016, 2.015, 4.935]
EO1303714109 [2.018, 2.012, 2.012, 2.015, 2.016, 4.935]
EO1303714149 [2.02, 2.014, 2.014, 2.015, 2.014, 50.756]
EO1303714186 [2.014, 2.019, 2.021, 2.014, 2.023, 53.358]
EO1303714238 [2.017, 2.015, 2.016, 2.018, 2.052, 4.911]
EO1303714262 [2.014, 2.014, 2.015, 2.014, 2.015, 52.033]
EO1303714337 [2.012, 2.014, 2.013, 2.02, 2.014, 4.938]
EO1303714466 [2.015, 2.014, 2.02, 2.016, 2.016, 4.92]
EO1303714520 [2.015, 2.017, 2.02, 2.014, 2.016, 4.892]
EO1303714544 [2.017, 2.015, 2.017, 2.016, 2.017, 4.925]
EO1303714560 [2.014, 2.016, 2.013, 2.014, 2.015, 4.936]
EO1303714652 [2.018, 2.014, 2.013, 2.013, 2.013, 51.446]
EO1303714699 [2.017, 2.018, 2.018, 2.014, 2.015, 4.916]
EO1303714743 [2.013, 2.012, 2.02, 2.016, 2.016, 51.042]
EO1303715072 [2.036, 2.017, 2.014, 2.015, 2.014, 4.919]
EO1303715087 [2.015, 2.044, 2.015, 2.015, 2.014, 4.908]
EO1303715190 [2.028, 2.019, 2.018, 2.019, 2.024, 51.286]
EO1303715461 [2.024, 2.016, 2.026, 2.033, 2.016, 55.095]
EO1303715736 [2.019, 2.018, 2.016, 2.019, 2.019, 4.918]
EO1303715823 [2.019, 2.014, 2.014, 2.072, 2.016, 4.872]
EO1303716034 [2.02, 2.026, 2.02, 2.019, 2.018, 4.911]
EO1303716067 [2.019, 2.019, 2.019, 2.02, 2.02, 4.904]
EO1303716069 [2.019, 2.02, 2.021, 2.02, 2.021, 4.894]
EO1303716095 [2.021, 2.017, 2.018, 2.028, 2.025, 51.753]
EO1303716494 [2.036, 2.017, 2.013, 2.016, 2.016, 4.909]
EO1303716538 [2.022, 2.011, 2.013, 2.015, 2.012, 51.2]
EO1303716853 [2.014, 2.029, 2.035, 2.013, 2.013, 50.504]
EO1303716905 [2.019, 2.017, 2.021, 2.018, 2.019, 4.872, 2.019, 2.019, 2.017, 2.017, 2.013, 3210.85]
EO1303716944 [2.014, 2.016, 2.017, 2.019, 2.016, 4.927]
EO1303716984 [2.016, 2.022, 2.029, 2.02, 2.018, 4.878]
EO1303716995 [2.016, 2.02, 2.017, 2.019, 2.018, 57.096]
EO1303717009 [2.018, 2.026, 2.016, 2.017, 2.016, 52.692]
EO1303717032 [2.019, 2.018, 2.022, 2.017, 2.039, 4.882]
EO1303717195 [2.019, 2.019, 2.017, 2.015, 2.021, 50.392]
EO1303717276 [2.02, 2.018, 2.016, 2.018, 2.017, 4.913]
EO1303717684 [2.017, 2.019, 2.02, 2.016, 2.131, 4.797]
EO1303717722 [2.016, 2.013, 2.02, 2.015, 2.015, 51.062]
EO1303717887 [2.013, 2.014, 2.017, 2.013, 2.016, 51.41]
EO1303717928 [2.015, 2.014, 2.015, 2.014, 2.019, 4.95]
EO1303717945 [2.014, 2.012, 2.013, 2.015, 2.015, 4.966]
EO1303718065 [2.027, 2.022, 2.02, 2.023, 2.021, 59.94]
EO1303718294 [2.016, 2.015, 2.017, 2.016, 2.014, 51.95]
EO1303718557 [2.042, 2.032, 2.023, 2.019, 2.022, 4.827]
EO1303718680 [2.075, 2.021, 2.02, 2.019, 2.019, 4.881]
EO1303718731 [2.022, 2.027, 2.025, 2.02, 2.026, 50.548]
EO1303718737 [2.026, 2.021, 2.02, 2.02, 2.029, 51.181]
EO1303719127 [2.02, 2.022, 2.023, 2.021, 2.022, 53.614]
EO1303719240 [2.016, 2.017, 2.013, 2.016, 2.017, 4.925]
EO1303719322 [2.02, 2.015, 2.013, 2.016, 2.015, 51.289]
EO1303719982 [2.017, 2.023, 2.028, 2.015, 2.017, 4.912]
EO1303720001 [2.02, 2.019, 2.015, 2.018, 2.018, 51.148]
EO1303720028 [2.015, 2.018, 2.018, 2.018, 2.021, 4.912]
EO1303720108 [2.017, 2.02, 2.022, 2.017, 2.014, 58.395]
EO1303720127 [2.023, 2.022, 2.024, 2.022, 2.02, 4.899]
EO1303720133 [2.026, 2.022, 2.027, 2.02, 2.022, 50.63]
EO1303720171 [2.016, 2.014, 2.02, 2.025, 2.026, 51.691]
EO1303720192 [2.016, 2.018, 2.019, 2.017, 2.03, 4.908]
EO1303720262 [2.02, 2.225, 2.017, 2.016, 2.017, 52.584]
EO1303720281 [2.018, 2.013, 2.014, 2.013, 2.016, 59.738]
EO1303720348 [2.016, 2.016, 2.074, 2.013, 2.016, 50.989]
EO1303720647 [2.021, 2.02, 2.022, 2.019, 2.016, 51.146]
EO1303720672 [2.018, 2.018, 2.017, 2.018, 2.018, 51.44]
EO1303720805 [2.016, 2.017, 2.037, 2.017, 2.016, 51.106]
EO1303720838 [2.014, 2.015, 2.013, 2.014, 2.014, 4.943]
EO1303721226 [2.013, 2.023, 2.017, 2.014, 2.019, 4.902]
EO1303721283 [2.015, 2.015, 2.015, 2.016, 2.06, 53.151]
EO1303721344 [2.013, 2.016, 2.02, 2.017, 2.017, 50.643]
EO1303721470 [2.02, 2.022, 2.02, 2.023, 2.021, 4.891]
EO1303721514 [2.017, 2.021, 2.016, 2.017, 2.014, 4.72]
EO1303721563 [2.015, 2.015, 2.016, 2.021, 2.02, 56.599]
EO1303722168 [2.015, 2.017, 2.016, 2.014, 2.014, 52.205]
EO1303722348 [2.018, 2.013, 2.014, 2.013, 2.014, 54.135]
EO1303722492 [2.018, 2.019, 2.028, 2.028, 2.025, 4.86]
EO1303722577 [2.064, 2.015, 2.018, 2.013, 2.014, 4.882]
EO1303722615 [2.014, 2.017, 2.018, 2.016, 2.014, 51.399]
EO1303723012 [2.017, 2.021, 2.055, 2.019, 2.014, 4.879]
EO1303723100 [2.021, 2.018, 2.023, 2.018, 2.018, 4.908]
EO1303723140 [2.025, 2.025, 2.019, 2.023, 2.019, 4.88]
EO1303723153 [2.02, 2.02, 2.018, 2.02, 2.021, 4.935]
EO1303723273 [2.016, 2.065, 2.013, 2.013, 2.013, 52.497]
EO1303723396 [2.018, 2.02, 2.019, 2.018, 2.023, 51.537]
EO1303723443 [2.017, 2.014, 2.066, 2.014, 2.014, 4.887]
EO1303723478 [2.013, 2.032, 2.013, 2.014, 2.016, 4.868]
EO1303723482 [2.015, 2.018, 2.012, 2.018, 2.016, 4.927]
EO1303723689 [2.019, 2.02, 2.019, 2.019, 2.024, 4.929]
EO1303723853 [2.018, 2.016, 2.015, 2.016, 2.057, 56.242]
EO1303724004 [2.018, 2.016, 2.016, 2.017, 2.017, 4.961]
EO1303724030 [2.016, 2.016, 2.017, 2.012, 2.015, 52.012]
EO1303724052 [2.022, 2.012, 2.012, 2.013, 2.013, 51.364]
EO1303724105 [2.02, 2.024, 2.016, 2.022, 2.022, 52.344]
EO1303724417 [2.015, 2.017, 2.015, 2.014, 2.015, 58.199]
EO1303724592 [2.014, 2.017, 2.023, 2.012, 2.017, 4.943]
EO1303724603 [2.023, 2.016, 2.018, 2.021, 2.02, 51.371]
EO1303724673 [2.016, 2.016, 2.015, 2.014, 2.016, 4.924]
EO1303724789 [2.016, 2.015, 2.015, 2.013, 2.031, 4.918]
EO1303724852 [2.021, 2.021, 2.027, 2.021, 2.041, 4.894]
EO1303725070 [2.015, 2.011, 2.019, 2.014, 2.013, 4.886]
EO1303725163 [2.013, 2.014, 2.016, 2.015, 2.018, 4.925]
EO1303725271 [2.022, 2.021, 2.022, 2.021, 2.018, 4.909]
EO1303725352 [2.017, 2.013, 2.012, 2.015, 2.014, 53.453]
EO1303725489 [2.014, 2.014, 2.015, 2.015, 2.019, 51.071]
EO1303725829 [2.019, 2.021, 2.022, 2.022, 2.022, 51.325]
EO1303726159 [2.053, 2.021, 2.02, 2.02, 2.015, 4.915]
EO1303726245 [2.025, 2.021, 2.018, 2.026, 2.02, 58.683]
EO1303726598 [2.029, 2.022, 2.017, 2.027, 2.024, 53.43]
EO1303727108 [2.023, 2.018, 2.046, 2.019, 2.019, 54.142]
EO1303727258 [2.019, 2.021, 2.019, 2.018, 2.018, 4.918]
EO1303727504 [2.02, 2.018, 2.021, 2.024, 2.023, 58.165]
EO1303727671 [2.021, 2.022, 2.021, 2.028, 2.017, 53.116]
EO1303727982 [2.02, 2.014, 2.015, 2.02, 2.016, 52.145]
EO1303728249 [2.017, 2.018, 2.018, 2.022, 2.015, 58.848]
EO1303728277 [2.017, 2.017, 2.019, 2.019, 2.017, 4.951]
EO1303728536 [2.02, 2.027, 2.013, 2.013, 2.018, 59.616]
EO1303728544 [2.015, 2.017, 2.032, 2.014, 2.014, 51.317]
EO1303728602 [2.014, 2.015, 2.014, 2.017, 2.016, 4.923]
EO1303728816 [2.015, 2.015, 2.02, 2.013, 2.015, 54.047]
EO1303728946 [2.03, 2.017, 2.014, 2.013, 2.02, 4.905]
EO1303729115 [2.018, 2.021, 2.019, 2.013, 2.017, 51.664]
EO1303729591 [2.015, 2.014, 2.016, 2.015, 2.017, 58.903]
EO1303729592 [2.044, 2.017, 2.013, 2.016, 2.016, 4.941]
EO1303730278 [2.014, 2.019, 2.019, 2.033, 2.018, 51.592]
EO1303730711 [2.02, 2.017, 2.016, 2.045, 2.02, 50.62]
EO1303730918 [2.023, 2.014, 2.015, 2.015, 2.015, 51.254]
EO1303731018 [2.014, 2.013, 2.015, 2.017, 2.017, 4.963]
EO1303731079 [2.015, 2.014, 2.013, 2.016, 2.014, 4.936]
EO1303731109 [2.014, 2.014, 2.014, 2.024, 2.015, 4.925]
EO1303731192 [2.015, 2.014, 2.011, 2.015, 2.043, 58.901]
EO1303731388 [2.016, 2.017, 2.018, 2.019, 2.02, 56.997]
EO1303731406 [2.016, 2.015, 2.014, 2.022, 2.015, 58.314]
EO1303731422 [2.017, 2.015, 2.015, 2.016, 2.02, 51.185]
EO1303731523 [2.018, 2.016, 2.021, 2.014, 2.018, 56.86]
EO1303731584 [2.021, 2.016, 2.016, 2.015, 2.016, 4.896]
EO1303731885 [2.015, 2.018, 2.018, 2.019, 2.021, 4.915]
EO1303731934 [2.014, 2.018, 2.017, 2.016, 2.015, 52.199]
EO1303732282 [2.02, 2.046, 2.025, 2.063, 2.022, 4.842]
EO1303732295 [2.023, 2.021, 2.02, 2.132, 2.032, 51.76]
EO1303732365 [2.027, 2.021, 2.021, 2.021, 2.022, 4.875]
EO1303732376 [2.02, 2.022, 2.02, 2.022, 2.022, 4.893]
EO1303732617 [2.048, 2.016, 2.015, 2.018, 2.017, 11.407]
EO1303732754 [2.023, 2.025, 2.022, 2.022, 2.023, 4.899]
EO1303733047 [2.02, 2.043, 2.022, 2.018, 2.016, 52.285]
EO1303733126 [2.017, 2.018, 2.017, 2.029, 2.02, 50.832]
EO1303733280 [2.022, 2.019, 2.014, 2.015, 2.041, 4.894]
EO1303733415 [2.022, 2.021, 2.019, 2.018, 2.016, 4.946]
EO1303733426 [2.018, 2.015, 2.018, 2.019, 2.018, 4.931]
EO1303733526 [2.018, 2.043, 2.015, 2.017, 2.014, 52.088]
EO1303733624 [2.02, 2.018, 2.018, 2.02, 2.017, 51.312]
EO1303733736 [2.016, 2.017, 2.015, 2.018, 2.081, 56.374]
EO1303733779 [2.022, 2.02, 2.015, 2.016, 2.017, 51.748]
EO1303733788 [2.022, 2.019, 2.018, 2.039, 2.016, 50.815]
EO1303734183 [2.021, 2.02, 2.02, 2.018, 2.019, 50.808]
EO1303734405 [2.015, 2.017, 2.016, 2.018, 2.015, 51.912]
EO1303734483 [2.016, 2.017, 2.019, 2.016, 2.016, 4.933]
EO1303734888 [2.017, 2.016, 2.014, 2.013, 2.013, 4.926, 2.027, 2.019, 2.015, 2.016, 2.017, 1564.825]
EO1303734899 [2.02, 2.013, 2.025, 2.013, 2.013, 4.921]
EO1303735486 [2.036, 2.013, 2.015, 2.039, 2.015, 4.873]
EO1303735532 [2.029, 2.019, 2.025, 2.015, 2.02, 58.632]
EO1303736173 [2.014, 2.014, 2.038, 2.015, 2.019, 52.966]
EO1303736390 [2.015, 2.02, 2.02, 2.018, 2.016, 4.892, 2.016, 2.014, 2.018, 2.016, 2.012, 1043.952]
EO1303736416 [2.05, 2.013, 2.016, 2.017, 2.019, 4.887]
EO1303736611 [2.015, 2.016, 2.017, 2.018, 2.014, 51.52]
EO1303736654 [2.02, 2.017, 2.019, 2.016, 2.017, 52.28]
EO1303736661 [2.017, 2.014, 2.03, 2.017, 2.018, 4.931]
EO1303737105 [2.015, 2.015, 2.017, 2.048, 2.012, 59.145]
EO1303737158 [2.025, 2.017, 2.016, 2.015, 2.018, 51.071]
EO1303737353 [2.019, 2.026, 2.018, 2.019, 2.025, 51.156]
EO1303737360 [2.039, 2.018, 2.022, 2.021, 2.019, 51.648]
EO1303737448 [2.017, 2.024, 2.018, 2.018, 2.017, 50.876]
EO1303737593 [2.019, 2.029, 2.018, 2.019, 2.016, 58.058]
EO1303737915 [2.034, 2.018, 2.041, 2.02, 2.019, 4.863]
EO1303737976 [2.025, 2.022, 2.018, 2.02, 2.015, 4.898]
EO1303738213 [2.015, 2.015, 2.014, 2.02, 2.027, 61.986]
EO1303738418 [2.015, 2.014, 2.013, 2.016, 2.021, 51.491]
EO1303738470 [2.015, 2.017, 2.021, 2.022, 2.016, 50.813]
EO1303738472 [2.021, 2.015, 2.019, 2.057, 2.019, 51.274]
EO1303738493 [2.022, 2.023, 2.021, 2.022, 2.029, 56.65]
EO1303738923 [2.013, 2.018, 2.014, 2.016, 2.016, 51.383]
EO1303738979 [2.021, 2.023, 2.018, 2.016, 2.02, 4.862]
EO1303739032 [2.016, 2.016, 2.014, 2.059, 2.017, 51.196]
EO1303739338 [2.016, 2.047, 2.013, 2.016, 2.016, 4.911]
EO1303739388 [2.013, 2.014, 2.015, 2.017, 2.014, 51.21]
EO1303739453 [2.014, 2.014, 2.055, 2.014, 2.014, 4.954]
EO1303739498 [2.016, 2.014, 2.017, 2.014, 2.013, 4.933]
EO1303739513 [2.015, 2.015, 2.014, 2.014, 2.017, 57.999]
EO1303739546 [2.018, 2.019, 2.02, 2.02, 2.017, 4.908]
EO1303739568 [2.019, 2.019, 2.013, 2.014, 2.017, 51.214]
EO1303739725 [2.017, 2.014, 2.014, 2.016, 2.028, 53.466]
EO1303740096 [2.05, 2.018, 2.018, 2.02, 2.02, 4.88]
EO1303740225 [2.019, 2.025, 2.02, 2.022, 2.019, 4.898]
EO1303740242 [2.019, 2.019, 2.019, 2.014, 2.024, 58.02]
EO1303740420 [2.013, 2.015, 2.017, 2.012, 2.016, 4.942]
EO1303740493 [2.016, 2.017, 2.014, 2.015, 2.017, 4.966]
EO1303740519 [2.014, 2.016, 2.015, 2.015, 2.016, 4.945]
EO1303741176 [2.015, 2.012, 2.015, 2.018, 2.019, 53.012]
EO1303741508 [2.013, 2.018, 2.012, 2.015, 2.012, 59.44]
EO1303741594 [2.013, 2.035, 2.015, 2.013, 2.015, 4.94]
EO1303741839 [2.013, 2.015, 2.073, 2.016, 2.021, 4.863]
EO1303741869 [2.015, 2.021, 2.014, 2.023, 2.015, 4.917]
EO1303742366 [2.017, 2.017, 2.016, 2.038, 2.019, 52.25]
EO1303742712 [2.019, 2.016, 2.017, 2.017, 2.018, 4.884]
EO1303743349 [2.018, 2.02, 2.022, 2.02, 2.017, 4.903]
EO1303743614 [2.021, 2.015, 2.018, 2.014, 2.017, 4.892]
EO1303743746 [2.02, 2.015, 2.016, 2.019, 2.019, 4.914]
EO1303743756 [2.013, 2.02, 2.018, 2.017, 2.016, 4.923]
EO1303743979 [2.018, 2.012, 2.015, 2.017, 2.014, 60.765]
EO1303744001 [2.019, 2.018, 2.017, 2.058, 2.016, 52.057]
EO1303744088 [2.018, 2.021, 2.014, 2.02, 2.017, 4.946]
EO1303744264 [2.031, 2.016, 2.017, 2.016, 2.02, 4.865]
EO1303744338 [2.014, 2.013, 2.017, 2.014, 2.014, 57.387]
EO1303744587 [2.02, 2.016, 2.016, 2.017, 2.017, 4.93]
EO1303744790 [2.017, 2.016, 2.027, 2.021, 2.015, 53.965]
EO1303745078 [2.018, 2.022, 2.027, 2.024, 2.023, 4.862, 2.017, 2.017, 2.019, 2.035, 2.019, 1332.925]
EO1303745447 [2.015, 2.018, 2.022, 2.014, 2.352, 4.528]
EO1303746022 [2.021, 2.017, 2.019, 2.017, 2.021, 4.954]
EO1303746301 [2.021, 2.013, 2.014, 2.015, 2.012, 4.924, 2.018, 2.085, 2.019, 2.014, 2.014, 974.639]
EO1303746329 [2.014, 2.015, 2.012, 2.014, 2.014, 4.957]
EO1303746401 [2.017, 2.015, 2.017, 2.016, 2.016, 62.821]
EO1303746655 [2.021, 2.016, 2.02, 2.019, 2.019, 6.572]
EO1303747343 [2.016, 2.014, 2.022, 2.016, 2.015, 4.925]
EO1303747527 [2.019, 2.023, 2.019, 2.023, 2.021, 51.646]
EO1303747661 [2.024, 2.021, 2.021, 2.038, 2.019, 4.92]
EO1303747803 [2.021, 2.019, 2.023, 2.022, 2.02, 52.41]
EO1303748264 [2.017, 2.019, 2.02, 2.017, 2.021, 4.908]
ER100009628991 [2.014, 2.013, 2.019, 2.014, 2.013, 189.895]
ER100009628993 [2.021, 2.018, 2.014, 2.013, 2.015, 189.828]
ER100009629004 [2.017, 2.017, 2.013, 2.016, 2.016, 189.951]
ER100009629012 [2.017, 2.017, 2.016, 2.015, 2.017, 189.916]
ER100009629096 [2.012, 2.017, 2.016, 2.015, 2.016, 189.95]
ER100009629145 [2.022, 2.024, 2.02, 2.024, 2.021, 189.793]
ER100009629268 [2.018, 2.015, 2.015, 2.015, 2.019, 189.958]
ER100009629276 [2.014, 2.017, 2.015, 2.019, 2.014, 189.928]
ER100009629308 [2.023, 2.019, 2.024, 2.014, 2.021, 189.912]
ER100009629377 [2.02, 2.022, 2.021, 2.019, 2.021, 189.898]
ER100009629403 [2.017, 2.022, 2.018, 2.016, 2.02, 189.91]
ER100009629426 [2.02, 2.019, 2.018, 2.017, 2.017, 189.918]
ER100009629438 [2.017, 2.018, 2.013, 2.017, 2.016, 189.926]
ER100009629515 [2.014, 2.014, 2.014, 2.016, 2.015, 189.962]
ER100009629547 [2.013, 2.013, 2.014, 2.013, 2.016, 189.968]
ER100009629553 [2.02, 2.035, 2.02, 2.018, 2.02, 189.917]
ER100009629631 [2.02, 2.038, 2.015, 2.015, 2.015, 189.88]
ER100009629702 [2.014, 2.016, 2.014, 2.016, 2.02, 189.933]
ER100009629729 [2.04, 2.017, 2.014, 2.016, 2.015, 189.936]
ER100009629739 [2.013, 2.013, 2.015, 2.012, 2.016, 189.95]
ER100009629803 [2.024, 2.013, 2.017, 2.015, 2.013, 189.918]
ER100009629987 [2.018, 2.016, 2.016, 2.022, 2.014, 189.945]
ER100009630040 [2.021, 2.013, 2.016, 2.019, 2.023, 189.921]
ER100009630206 [2.016, 2.014, 2.013, 2.014, 2.014, 189.982]
ER100009630223 [2.013, 2.013, 2.012, 2.016, 2.014, 189.929]
ER100009630259 [2.013, 2.017, 2.02, 2.012, 2.014, 189.889]
ER100009630288 [2.014, 2.017, 2.017, 2.018, 2.018, 189.93]
ER100009630321 [2.033, 2.017, 2.017, 2.024, 2.016, 189.965]
ER100009630332 [2.024, 2.021, 2.02, 2.017, 2.021, 189.922]
ER100009630341 [2.017, 2.019, 2.019, 2.017, 2.018, 189.919]
ER100009630354 [2.02, 2.023, 2.024, 2.023, 2.024, 189.893]
ER100009630431 [2.017, 2.056, 2.018, 2.013, 2.013, 189.885]
ER100009630647 [2.022, 2.041, 2.02, 2.025, 2.022, 179.509]
ER100009630648 [2.079, 2.02, 2.016, 2.015, 2.024, 189.838]
ER100009630651 [2.015, 2.016, 2.029, 2.021, 2.023, 190.028]
ER100009630666 [2.041, 2.02, 2.016, 2.016, 2.02, 189.93]
ER100009630669 [2.021, 2.021, 2.02, 2.02, 2.019, 189.953]
ER100009630675 [2.027, 2.017, 2.019, 2.019, 2.016, 189.838]
ER100009630676 [2.02, 2.016, 2.014, 2.016, 2.022, 189.966]
ER100009630731 [2.02, 2.019, 2.018, 2.016, 2.022, 189.931]
ER100009630759 [2.049, 2.022, 2.018, 2.022, 2.019, 189.865]
ER100009630840 [2.021, 2.024, 2.022, 2.02, 2.019, 189.85]
ER100009630891 [2.023, 2.013, 2.016, 2.016, 2.013, 189.901]
ER100009630910 [2.014, 2.017, 2.015, 2.014, 2.014, 189.926]
ER100009631023 [2.02, 2.019, 2.017, 2.019, 2.017, 189.925]
ER100009631034 [2.018, 2.017, 2.017, 2.017, 2.05, 189.889]
ER100009631036 [2.017, 2.054, 2.018, 2.02, 2.022, 189.847]
ER100009631138 [2.016, 2.016, 2.014, 2.02, 2.02, 189.924]
ER100009631150 [2.014, 2.018, 2.016, 2.024, 2.016, 189.93]
ER100009631168 [2.017, 2.017, 2.013, 2.015, 2.015, 189.906]
ER100009631181 [2.021, 2.021, 2.019, 2.087, 2.022, 189.904]
ER100009631202 [2.016, 2.024, 2.013, 2.017, 2.019, 189.806]
GFR1003728597 [2.018, 2.016, 2.015, 2.227, 2.025, 189.754]
GR101031006166993 [2.022, 2.021, 2.019, 2.025, 2.02, 189.986]
GR102011006189521 [2.013, 2.014, 2.015, 2.012, 2.014, 189.959]
GR102011006206624 [2.021, 2.031, 2.026, 2.018, 2.018]
GR102011006211428 [2.019, 2.02, 2.034, 2.019, 2.034, 189.862]
GR102011006229203 [2.022, 2.014, 2.018, 2.019, 2.019, 189.895]
GR103041003227088 [2.018, 2.027, 2.018, 2.018, 2.015, 189.901]
GS1096696388 [2.049, 2.025, 2.025, 2.022, 2.027]
GS1096772732 [2.084, 2.06, 2.026, 2.05, 2.029]
GS1303703529 [2.025, 2.017, 2.015, 2.019, 2.02, 54.041]
GS1303706416 [2.023, 2.024, 2.049, 2.043, 2.031, 4.829]
GS1303707126 [2.015, 2.013, 2.016, 2.016, 2.017, 52.127]
GS1303707136 [2.015, 2.024, 2.015, 2.014, 2.015, 53.258]
GS1303708734 [2.017, 2.017, 2.02, 2.021, 2.022, 4.913]
GS1303709127 [2.023, 2.019, 2.022, 2.046, 2.022, 52.94]
GS1303709516 [2.019, 2.018, 2.03, 2.019, 2.017, 52.179]
GS1303711025 [2.02, 2.02, 2.014, 2.015, 2.017, 54.07]
GS1303711646 [2.02, 2.017, 2.017, 2.019, 2.02, 4.915]
GS1303712510 [2.025, 2.019, 2.021, 2.019, 2.018, 4.898]
GS1303713136 [2.057, 2.016, 2.017, 2.015, 2.015, 53.723]
GS1303713168 [2.017, 2.018, 2.015, 2.017, 2.019, 54.38]
GS1303714401 [2.015, 2.043, 2.013, 2.014, 2.013, 52.12]
GS1303714801 [2.016, 2.015, 2.016, 2.017, 2.016, 50.957]
GS1303715277 [2.015, 2.017, 2.017, 2.017, 2.041, 60.551]
GS1303715348 [2.014, 2.016, 2.014, 2.017, 2.012, 4.936]
GS1303715361 [2.018, 2.02, 2.015, 2.016, 2.014, 4.919]
GS1303715385 [2.021, 2.016, 2.017, 2.015, 2.015, 4.881, 2.016, 2.017, 2.016, 2.02, 2.017, 925.578]
GS1303716683 [2.016, 2.019, 2.019, 2.016, 2.017, 57.255]
GS1303717434 [2.022, 2.017, 2.022, 2.021, 2.013, 4.917]
GS1303717523 [2.019, 2.018, 2.016, 2.01, 2.019, 55.502]
GS1303717664 [2.017, 2.019, 2.013, 2.015, 2.021, 4.921]
GS1303718214 [2.019, 2.035, 2.032, 2.021, 2.022, 56.93]
GS1303719232 [2.02, 2.028, 2.033, 2.031, 2.021, 4.881]
GS1303720425 [2.016, 2.017, 2.014, 2.016, 2.014, 51.356]
GS1303720440 [2.018, 2.018, 2.022, 2.014, 2.021, 51.28]
GS1303720453 [2.015, 2.016, 2.016, 2.014, 2.022, 4.909]
GS1303721824 [2.027, 2.02, 2.013, 2.02, 2.014, 4.914]
GS1303721827 [2.016, 2.02, 2.017, 2.02, 2.014, 4.935]
GS1303722299 [2.017, 2.022, 2.025, 2.077, 2.019, 53.493]
GS1303722792 [2.014, 2.013, 2.015, 2.015, 2.015, 4.921]
GS1303723363 [2.045, 2.012, 2.011, 2.012, 2.022, 4.909]
GS1303723933 [2.019, 2.02, 2.02, 2.02, 2.019, 51.759]
GS1303724550 [2.014, 2.013, 2.015, 2.018, 2.015, 4.93]
GS1303724554 [2.015, 2.016, 2.016, 2.013, 2.027, 55.187]
GS1303726042 [2.015, 2.015, 2.023, 2.019, 2.018, 52.686]
GS1303726056 [2.015, 2.026, 2.022, 2.021, 2.018, 4.906]
GS1303727028 [2.022, 2.02, 2.018, 2.028, 2.02, 54.746]
GS1303728199 [2.046, 2.02, 2.021, 2.02, 2.021, 4.847]
GS1303728440 [2.019, 2.054, 2.022, 2.024, 2.02, 4.864]
GS1303728863 [2.019, 2.048, 2.066, 2.021, 2.018, 4.824]
GS1303729417 [2.026, 2.02, 2.013, 2.016, 2.018, 55.437]
GS1303730050 [2.018, 2.021, 2.015, 2.017, 2.014, 4.95]
GS1303730688 [2.021, 2.014, 2.015, 2.013, 2.037, 58.152]
GS1303731300 [2.014, 2.015, 2.014, 2.013, 2.02, 4.93]
GS1303731366 [2.015, 2.016, 2.014, 2.015, 2.016, 55.511]
GS1303732819 [2.027, 2.025, 2.022, 2.023, 2.032, 8.16]
GS1303734292 [2.015, 2.015, 2.018, 2.04, 2.016, 6.291]
GS1303735048 [2.02, 2.015, 2.015, 2.018, 2.014, 55.282]
GS1303736947 [2.02, 2.02, 2.032, 2.025, 2.02, 4.891]
GS1303737690 [2.016, 2.019, 2.015, 2.057, 2.049, 53.004]
GS1303738390 [2.014, 2.054, 2.016, 2.019, 2.016, 4.89]
GS1303739868 [2.015, 2.02, 2.017, 2.019, 2.023, 4.917]
GS1303740637 [2.014, 2.024, 2.019, 2.03, 2.014, 4.918]
GS1303740659 [2.043, 2.018, 2.017, 2.015, 2.016, 4.896]
GS1303742907 [2.023, 2.018, 2.019, 2.015, 2.018, 4.909]
GS1303744857 [2.017, 2.016, 2.023, 2.016, 2.016, 54.339]
GS1303744878 [2.015, 2.016, 2.015, 2.023, 2.02, 54.233]
GS1303745756 [2.014, 2.061, 2.016, 2.018, 2.017, 51.536]
GS1303745796 [2.016, 2.016, 2.027, 2.016, 2.016, 4.963]
GS1303746975 [2.015, 2.015, 2.129, 2.016, 2.017, 55.833]
GS1303748948 [2.016, 2.012, 2.013, 2.014, 2.015, 4.966]
JD1303712736 [2.012, 2.012, 2.013, 2.017, 2.018, 4.977]
JD1303715772 [2.013, 2.015, 2.015, 2.014, 2.019, 57.711]
JD1303717127 [2.016, 2.014, 2.014, 2.028, 2.019, 4.917]
JD1303738025 [2.018, 2.025, 2.019, 2.013, 2.018, 52.394]
JD1303741052 [2.014, 2.016, 2.016, 2.068, 2.017, 4.841]
JD1303742480 [2.019, 2.022, 2.018, 2.017, 2.019, 52.448]
JP1303701156 [2.016, 2.016, 2.016, 2.015, 2.015, 4.929]
JP1303701654 [2.016, 2.018, 2.015, 2.016, 2.013, 4.93]
JP1303702867 [2.016, 2.016, 2.017, 2.018, 2.033, 54.562]
JP1303703189 [2.026, 2.018, 2.016, 2.021, 2.02, 4.828]
JP1303705297 [2.016, 2.016, 2.016, 2.016, 2.016, 4.926]
JP1303706014 [2.025, 2.02, 2.021, 2.022, 2.021, 55.895]
JP1303707182 [2.019, 2.033, 2.021, 2.02, 2.021, 59.616]
JP1303707640 [2.017, 2.015, 2.016, 2.013, 2.02, 52.417]
JP1303707882 [2.019, 2.017, 2.019, 2.031, 2.024, 57.825]
JP1303708551 [2.014, 2.019, 2.015, 2.017, 2.026, 60.531]
JP1303709072 [2.025, 2.024, 2.021, 2.02, 2.025, 56.64]
JP1303710824 [2.018, 2.016, 2.015, 2.017, 2.015, 4.923]
JP1303711104 [2.016, 2.014, 2.012, 2.015, 2.017, 56.277]
JP1303711672 [2.014, 2.023, 2.049, 2.017, 2.015, 56.471]
JP1303711728 [2.018, 2.018, 2.017, 2.017, 2.035, 4.86]
JP1303714981 [2.017, 2.012, 2.018, 2.013, 2.018, 56.772]
JP1303715411 [2.019, 2.02, 2.018, 2.019, 2.015, 60.853]
JP1303718013 [2.015, 2.015, 2.013, 2.013, 2.014, 59.554]
JP1303718471 [2.02, 2.021, 2.023, 2.02, 2.017, 55.908]
JP1303719081 [2.025, 2.049, 2.055, 2.014, 2.022, 4.852]
JP1303719307 [2.02, 2.016, 2.013, 2.018, 2.026, 51.803]
JP1303719825 [2.022, 2.022, 2.075, 2.02, 2.02, 52.572]
JP1303720014 [2.021, 2.025, 2.024, 2.019, 2.019, 57.577]
JP1303720346 [2.016, 2.015, 2.014, 2.013, 2.013, 4.899]
JP1303720799 [2.018, 2.018, 2.027, 2.05, 2.055, 57.036]
JP1303720831 [2.015, 2.014, 2.013, 2.013, 2.013, 56.284]
JP1303720991 [2.049, 2.014, 2.011, 2.014, 2.01, 59.124]
JP1303721366 [2.029, 2.017, 2.016, 2.017, 2.02, 4.914]
JP1303722448 [2.011, 2.014, 2.013, 2.017, 2.016, 57.219]
JP1303723271 [2.022, 2.02, 2.025, 2.135, 2.022, 52.884]
JP1303723493 [2.017, 2.016, 2.016, 2.015, 2.014, 4.915]
JP1303725488 [2.022, 2.02, 2.021, 2.019, 2.028, 55.218]
JP1303726792 [2.018, 2.016, 2.079, 2.02, 2.025, 51.724]
JP1303726929 [2.021, 2.024, 2.019, 2.023, 2.02, 54.206]
JP1303727269 [2.014, 2.018, 2.019, 2.019, 2.014, 57.106]
JP1303727695 [2.022, 2.019, 2.018, 2.02, 2.021, 4.904]
JP1303728072 [2.021, 2.019, 2.02, 2.018, 2.017, 55.93]
JP1303728333 [2.019, 2.014, 2.022, 2.024, 2.016, 50.94]
JP1303728820 [2.023, 2.017, 2.019, 2.055, 2.026, 4.86]
JP1303729707 [2.018, 2.019, 2.015, 2.019, 2.041, 57.487]
JP1303730120 [2.02, 2.017, 2.018, 2.024, 2.02, 4.887]
JP1303731582 [2.019, 2.02, 2.021, 2.018, 2.025, 55.789]
JP1303733206 [2.016, 2.016, 2.016, 2.015, 2.015, 4.925]
JP1303734945 [2.019, 2.017, 2.021, 2.018, 2.015, 4.911]
JP1303735334 [2.014, 2.016, 2.014, 2.018, 2.015, 4.921]
JP1303736705 [2.015, 2.02, 2.014, 2.015, 2.015, 4.906]
JP1303737240 [2.013, 2.014, 2.015, 2.013, 2.014, 4.94]
JP1303738882 [2.013, 2.016, 2.014, 2.053, 2.014, 4.886]
JP1303739185 [2.015, 2.016, 2.016, 2.018, 2.015, 4.954]
JP1303739608 [2.02, 2.018, 2.018, 2.016, 2.023, 4.919]
JP1303740107 [2.017, 2.017, 2.017, 2.015, 2.019, 58.115]
JP1303741255 [2.018, 2.017, 2.018, 2.018, 2.018, 4.91]
JP1303742509 [2.019, 2.022, 2.02, 2.017, 2.017, 56.633]
JP1303743469 [2.012, 2.015, 2.014, 2.017, 2.015, 4.941]
JP1303743840 [2.019, 2.02, 2.021, 2.017, 2.023, 4.902]
R100011886776 [2.014, 2.016, 2.019, 2.015, 2.018, 189.856]
R100011886800 [2.034, 2.017, 2.019, 2.031, 2.016, 189.889]
R100011886831 [2.02, 2.016, 2.018, 2.02, 2.017, 189.93]
R100011886872 [2.016, 2.024, 2.017, 2.018, 2.017, 189.911]
R100011886898 [2.016, 2.021, 2.016, 2.017, 2.015, 189.895]
R100011886965 [2.013, 2.015, 2.018, 2.013, 2.017, 190.003]
R100011886972 [2.017, 2.015, 2.017, 2.016, 2.014, 189.887]
R100011887002 [2.02, 2.023, 2.028, 2.031, 2.049, 189.789]
R100011887022 [2.017, 2.016, 2.014, 2.017, 2.016, 190.002]
R100011887023 [2.014, 2.025, 2.014, 2.013, 2.022, 189.932]
R100011887076 [2.047, 2.018, 2.017, 2.02, 2.018, 189.87]
R100011887197 [2.014, 2.015, 2.014, 2.019, 2.016, 189.884]
R100011887259 [2.023, 2.016, 2.064, 2.042, 2.022, 189.833]
R100011887277 [2.014, 2.015, 2.017, 2.016, 2.014, 189.953]
R100011887308 [2.018, 2.024, 2.024, 2.02, 2.018, 189.89]
R100011887316 [2.053, 2.027, 2.035, 2.018, 2.019, 39.316]
R100011887351 [2.022, 2.052, 2.024, 2.023, 2.022, 189.823]
R100011887357 [2.019, 2.021, 2.02, 2.019, 2.018, 179.62]
R100011887497 [2.027, 2.018, 2.018, 2.017, 2.02, 189.968]
R100011887556 [2.078, 2.021, 2.022, 2.019, 2.018, 189.839]
R100011887559 [2.024, 2.07, 2.018, 2.021, 2.032, 189.861]
R100011887565 [2.048, 2.023, 2.021, 2.019, 2.017, 189.878]
R100011887602 [2.029, 2.019, 2.018, 2.019, 2.016, 189.843]
R100011887617 [2.018, 2.016, 2.018, 2.015, 2.019, 4.925]
R100011887624 [2.016, 2.014, 2.023, 2.017, 2.017, 190.048]
R100011887695 [2.018, 2.015, 2.014, 2.055, 2.014, 189.827]
R100011887833 [2.019, 2.017, 2.021, 2.023, 2.021, 4.88]
R100011887891 [2.018, 2.02, 2.027, 2.025, 2.018, 189.969]
R100011887900 [2.017, 2.016, 2.017, 2.017, 2.019, 189.961]
R100011887918 [2.022, 2.025, 2.019, 2.021, 2.022, 190.007]
R100011887992 [2.015, 2.018, 2.016, 2.018, 2.018, 65.016]
R100011888100 [2.012, 2.013, 2.014, 2.013, 2.015, 190.001]
R100011888125 [2.016, 2.011, 2.046, 2.016, 2.017, 189.902]
R100011888133 [2.02, 2.014, 2.015, 2.016, 2.014, 189.981]
R100011888204 [2.02, 2.018, 2.023, 2.027, 2.019, 34.403]
R100011888236 [2.015, 2.019, 2.016, 2.018, 2.029, 33.991]
R100011888253 [2.018, 2.017, 2.017, 2.022, 2.022, 189.968, 2.015, 2.013, 2.015, 2.014, 2.017, 189.876]
R100011888373 [2.017, 2.021, 2.024, 2.019, 2.02, 189.965]
R100011888464 [2.021, 2.015, 2.015, 2.013, 2.018, 189.88]
R100011888501 [2.024, 2.018, 2.026, 2.02, 2.021, 189.831]
R100011888547 [2.033, 2.018, 2.032, 2.013, 2.016, 189.892]
SG1303699567 [2.016, 2.015, 2.016, 2.015, 2.014]
SG1303699662 [2.022, 2.019, 2.015, 2.015, 2.015, 4.925]
SG1303700197 [2.019, 2.02, 2.023, 2.015, 2.015, 51.096]
SG1303700612 [2.021, 2.017, 2.048, 2.015, 2.018]
SG1303701859 [2.021, 2.016, 2.017, 2.022, 2.028, 52.394]
SG1303703292 [2.018, 2.029, 2.016, 2.023, 2.017, 50.756]
SG1303703595 [2.018, 2.019, 2.021, 2.023, 2.022, 4.915]
SG1303704003 [2.014, 2.015, 2.014, 2.016, 2.02, 4.996]
SG1303704097 [2.015, 2.015, 2.019, 2.016, 2.042, 51.632]
SG1303704149 [2.019, 2.017, 2.035, 2.02, 2.017, 4.895]
SG1303704671 [2.014, 2.014, 2.012, 2.016, 2.034, 52.195]
SG1303705065 [2.043, 2.026, 2.018, 2.016, 2.017, 4.913]
SG1303705250 [2.016, 2.018, 2.014, 2.032, 2.015, 4.912]
SG1303705581 [2.015, 2.013, 2.016, 2.014, 2.02, 4.962]
SG1303705632 [2.015, 2.016, 2.028, 2.016, 2.019, 52.976]
SG1303705810 [2.02, 2.021, 2.019, 2.022, 2.019, 51.438]
SG1303707005 [2.025, 2.018, 2.024, 2.021, 2.021, 52.331]
SG1303707325 [2.017, 2.014, 2.022, 2.021, 2.019, 51.74]
SG1303707513 [2.015, 2.014, 2.014, 2.025, 2.032, 52.155]
SG1303707911 [2.023, 2.028, 2.025, 2.025, 2.036, 51.186]
SG1303708636 [2.018, 2.015, 2.017, 2.016, 2.052, 4.879]
SG1303708941 [2.016, 2.042, 2.017, 2.016, 2.018, 4.859]
SG1303709288 [2.018, 2.018, 2.017, 2.02, 2.016, 52.561]
SG1303709303 [2.02, 2.022, 2.014, 2.017, 2.014, 4.92]
SG1303709637 [2.018, 2.019, 2.052, 2.017, 2.016, 4.848]
SG1303709998 [2.013, 2.012, 2.013, 2.014, 2.015, 58.018]
SG1303710848 [2.014, 2.017, 2.014, 2.016, 2.018, 57.865]
SG1303711145 [2.013, 2.014, 2.015, 2.013, 2.053, 4.904]
SG1303711836 [2.018, 2.016, 2.015, 2.015, 2.013, 57.318]
SG1303711911 [2.032, 2.016, 2.014, 2.016, 2.013, 4.914]
SG1303711967 [2.031, 2.014, 2.013, 2.013, 2.014, 4.928]
SG1303712319 [2.02, 2.021, 2.023, 2.023, 2.02, 4.856]
SG1303712586 [2.018, 2.017, 2.02, 2.051, 2.017, 4.884]
SG1303712609 [2.02, 2.022, 2.023, 2.035, 2.029, 51.476]
SG1303713203 [2.023, 2.054, 2.015, 2.013, 2.024, 57.604]
SG1303713338 [2.043, 2.015, 2.015, 2.016, 2.013, 57.452]
SG1303713346 [2.019, 2.014, 2.016, 2.019, 2.015, 56.797]
SG1303713760 [2.017, 2.02, 2.024, 2.031, 2.018, 56.706]
SG1303714029 [2.016, 2.021, 2.012, 2.017, 2.024, 55.642]
SG1303714255 [2.016, 2.015, 2.014, 2.033, 2.017, 4.915]
SG1303714303 [2.019, 2.028, 2.019, 2.026, 2.014, 51.003]
SG1303714304 [2.012, 2.014, 2.015, 2.013, 2.012, 50.922]
SG1303714874 [2.016, 2.013, 2.014, 2.017, 2.017, 58.126]
SG1303715109 [2.015, 2.015, 2.014, 2.013, 2.015, 53.566]
SG1303715211 [2.019, 2.016, 2.015, 2.017, 2.016, 4.895]
SG1303715791 [2.016, 2.013, 2.048, 2.022, 2.015, 55.073]
SG1303716245 [2.02, 2.018, 2.018, 2.019, 2.02, 59.046]
SG1303716370 [2.055, 2.016, 2.017, 2.019, 2.016, 57.021]
SG1303716957 [2.014, 2.018, 2.015, 2.015, 2.016, 4.941]
SG1303716981 [2.017, 2.017, 2.017, 2.016, 2.018, 58.038]
SG1303717129 [2.021, 2.014, 2.015, 2.016, 2.018, 4.915]
SG1303717168 [2.019, 2.014, 2.017, 2.015, 2.015, 56.959]
SG1303717689 [2.018, 2.02, 2.021, 2.026, 2.017, 4.896, 2.021, 2.023, 2.018, 2.028, 2.019, 2017.512]
SG1303718003 [2.074, 2.016, 2.013, 2.02, 2.014, 4.88]
SG1303718194 [2.042, 2.02, 2.021, 2.025, 2.022, 51.128]
SG1303718266 [2.02, 2.019, 2.044, 2.023, 2.018, 4.879]
SG1303718549 [2.027, 2.021, 2.024, 2.019, 2.026, 56.156]
SG1303718817 [2.014, 2.014, 2.016, 2.019, 2.015, 57.485]
SG1303718880 [2.032, 2.033, 2.051, 2.018, 2.019, 4.851]
SG1303719032 [2.019, 2.014, 2.016, 2.015, 2.014, 4.902]
SG1303719328 [2.016, 2.018, 2.015, 2.017, 2.019, 56.498]
SG1303719371 [2.019, 2.016, 2.023, 2.018, 2.018, 4.902]
SG1303719575 [2.019, 2.019, 2.021, 2.021, 2.02, 60.467]
SG1303719702 [2.021, 2.031, 2.025, 2.024, 2.021, 4.882]
SG1303719761 [2.026, 2.021, 2.064, 2.024, 2.021, 4.845]
SG1303720042 [2.016, 2.041, 2.054, 2.015, 2.02, 4.86]
SG1303720126 [2.016, 2.014, 2.019, 2.016, 2.021, 55.95]
SG1303720583 [2.021, 2.057, 2.02, 2.021, 2.021, 4.842]
SG1303721012 [2.013, 2.015, 2.024, 2.011, 2.011, 4.99]
SG1303721220 [2.025, 2.02, 2.021, 2.021, 2.029, 56.219]
SG1303721524 [2.023, 2.017, 2.021, 2.016, 2.021, 4.902]
SG1303722195 [2.019, 2.018, 2.02, 2.02, 2.017, 4.911]
SG1303722314 [2.039, 2.016, 2.015, 2.019, 2.016, 56.46]
SG1303722403 [2.013, 2.015, 2.02, 2.013, 2.016, 56.059]
SG1303722464 [2.012, 2.018, 2.011, 2.014, 2.021, 55.728]
SG1303722566 [2.022, 2.018, 2.021, 2.02, 2.02, 4.886]
SG1303722961 [2.05, 2.015, 2.016, 2.037, 2.016, 4.82]
SG1303722977 [2.016, 2.014, 2.015, 2.015, 2.014, 4.931]
SG1303723146 [2.021, 2.022, 2.02, 2.02, 2.023, 59.254]
SG1303723625 [2.015, 2.012, 2.011, 2.014, 2.011, 53.857]
SG1303723642 [2.013, 2.017, 2.015, 2.015, 2.013, 57.818]
SG1303723782 [2.016, 2.014, 2.015, 2.015, 2.017, 56.869]
SG1303724118 [2.021, 2.021, 2.024, 2.031, 2.022, 56.125]
SG1303724282 [2.018, 2.014, 2.055, 2.016, 2.016, 4.921]
SG1303724352 [2.019, 2.017, 2.018, 2.02, 2.02, 58.081]
SG1303724454 [2.013, 2.015, 2.037, 2.012, 2.013, 4.882]
SG1303724617 [2.026, 2.028, 2.028, 2.021, 2.022, 4.877]
SG1303725164 [2.021, 2.021, 2.018, 2.02, 2.017, 4.905]
SG1303725595 [2.016, 2.016, 2.02, 2.015, 2.018, 56.242]
SG1303725701 [2.016, 2.014, 2.015, 2.044, 2.016, 55.374]
SG1303725740 [2.015, 2.016, 2.015, 2.014, 2.063, 4.911]
SG1303725748 [2.013, 2.016, 2.014, 2.017, 2.019, 4.938, 2.059, 2.015, 2.018, 2.027, 2.02, 1129.022]
SG1303725994 [2.016, 2.016, 2.05, 2.017, 2.018, 4.892]
SG1303726137 [2.018, 2.017, 2.017, 2.016, 2.014, 4.951]
SG1303726239 [2.013, 2.014, 2.012, 2.015, 2.013, 57.164]
SG1303726303 [2.014, 2.016, 2.014, 2.015, 2.024, 57.365]
SG1303726478 [2.016, 2.019, 2.021, 2.013, 2.026, 4.91]
SG1303726526 [2.013, 2.012, 2.012, 2.014, 2.048, 4.948]
SG1303726928 [2.04, 2.033, 2.02, 2.024, 2.033, 55.548]
SG1303727209 [2.019, 2.041, 2.015, 2.017, 2.017, 51.058]
SG1303727221 [2.022, 2.022, 2.018, 2.02, 2.022, 4.902]
SG1303727410 [2.015, 2.016, 2.017, 2.015, 2.014, 58.021]
SG1303727985 [2.035, 2.018, 2.022, 2.019, 2.019, 4.915]
SG1303728107 [2.017, 2.747, 2.021, 2.027, 2.016, 4.179]
SG1303728553 [2.079, 2.025, 2.029, 2.026, 2.021, 4.816]
SG1303728668 [2.028, 2.022, 2.021, 2.022, 2.039, 4.866, 2.022, 2.028, 2.018, 2.022, 2.017, 3422.224]
SG1303728800 [2.021, 2.018, 2.016, 2.017, 2.02, 4.917]
SG1303729116 [2.016, 2.011, 2.013, 2.014, 2.018, 4.98]
SG1303729474 [2.02, 2.017, 2.018, 2.034, 2.021, 55.985]
SG1303730121 [2.019, 2.023, 2.019, 2.017, 2.017, 4.908]
SG1303730158 [2.025, 2.061, 2.028, 2.029, 2.025, 50.456]
SG1303730199 [2.027, 2.022, 2.019, 2.019, 2.02, 51.299]
SG1303730284 [2.025, 2.021, 2.022, 2.021, 2.022, 4.889]
SG1303730437 [2.027, 2.05, 2.019, 2.023, 2.024, 50.762]
SG1303730554 [2.024, 2.019, 2.02, 2.017, 2.016, 4.915]
SG1303730752 [2.045, 2.016, 2.044, 2.046, 2.015, 4.85]
SG1303731169 [2.041, 2.021, 2.021, 2.017, 2.018, 4.963]
SG1303731396 [2.025, 2.047, 2.017, 2.021, 2.014, 62.007]
SG1303731432 [2.017, 2.021, 2.034, 2.02, 2.016, 5.086]
SG1303731458 [2.018, 2.016, 2.013, 2.015, 2.018, 57.031]
SG1303731495 [2.023, 2.015, 2.014, 2.016, 2.015, 56.224]
SG1303731550 [2.018, 2.02, 2.021, 2.017, 2.016, 55.903]
SG1303732134 [2.019, 2.015, 2.018, 2.018, 2.031, 4.93]
SG1303732158 [2.049, 2.013, 2.017, 2.017, 2.019, 4.889]
SG1303732294 [2.018, 2.02, 2.02, 2.066, 2.016, 4.866]
SG1303732432 [2.018, 2.019, 2.019, 2.019, 2.022, 57.115]
SG1303733066 [2.021, 2.052, 2.021, 2.025, 2.021, 4.87]
SG1303733132 [2.023, 2.026, 2.026, 2.02, 2.02, 62.899]
SG1303733298 [2.016, 2.021, 2.017, 2.013, 2.015, 56.821]
SG1303733324 [2.015, 2.014, 2.021, 2.014, 2.018, 5.021]
SG1303733471 [2.017, 2.014, 2.019, 2.018, 2.017, 4.89]
SG1303733563 [2.018, 2.016, 2.016, 2.019, 2.015, 61.103]
SG1303733603 [2.016, 2.016, 2.018, 2.016, 2.019, 50.62]
SG1303733630 [2.017, 2.016, 2.017, 2.014, 2.015, 4.913]
SG1303733812 [2.025, 2.018, 2.025, 2.028, 2.022, 4.864]
SG1303733869 [2.016, 2.03, 2.015, 2.019, 2.019, 50.745]
SG1303733901 [2.022, 2.016, 2.013, 2.011, 2.017, 57.018]
SG1303734099 [2.021, 2.02, 2.014, 2.013, 2.015, 4.909, 2.013, 2.037, 2.014, 2.016, 2.016, 1013.147]
SG1303734594 [2.016, 2.015, 2.02, 2.017, 2.015, 4.921]
SG1303734652 [2.016, 2.017, 2.014, 2.047, 2.032, 51.978]
SG1303734834 [2.026, 2.105, 2.026, 2.022, 2.033, 58.801]
SG1303735149 [2.018, 2.019, 2.017, 2.029, 2.022, 58.438]
SG1303735162 [2.024, 2.021, 2.025, 2.019, 2.017, 57.249]
SG1303735197 [2.015, 2.015, 2.016, 2.015, 2.019, 61.852]
SG1303735215 [2.013, 2.017, 2.013, 2.014, 2.017, 59.299]
SG1303735247 [2.019, 2.017, 2.017, 2.03, 2.02, 51.205]
SG1303735416 [2.014, 2.014, 2.015, 2.015, 2.015, 4.913]
SG1303735537 [2.018, 2.016, 2.1, 2.017, 2.02, 4.804]
SG1303735646 [2.019, 2.017, 2.017, 2.018, 2.021, 4.904, 2.021, 2.025, 2.02, 2.018, 2.017, 364.94]
SG1303735723 [2.015, 2.013, 2.019, 2.018, 2.015, 50.956]
SG1303735874 [2.053, 2.013, 2.017, 2.019, 2.016, 4.901]
SG1303736100 [2.015, 2.017, 2.016, 2.015, 2.014, 63.375]
SG1303736448 [2.029, 2.025, 2.061, 2.026, 2.021, 56.178]
SG1303736754 [2.022, 2.022, 2.029, 2.024, 2.02, 4.892]
SG1303736818 [2.027, 2.018, 2.021, 2.038, 2.026, 4.811]
SG1303737007 [2.018, 2.051, 2.049, 2.018, 2.018, 56.177]
SG1303737091 [2.026, 2.017, 2.018, 2.015, 2.023, 4.908]
SG1303737107 [2.041, 2.014, 2.016, 2.028, 2.016, 51.345]
SG1303737212 [2.019, 2.012, 2.015, 2.014, 2.031, 4.939]
SG1303737463 [2.014, 2.012, 2.012, 2.012, 2.018, 51.059]
SG1303737481 [2.013, 2.051, 2.022, 2.017, 2.018, 4.87]
SG1303737864 [2.022, 2.022, 2.022, 2.022, 2.019, 4.928]
SG1303737946 [2.021, 2.06, 2.022, 2.02, 2.02, 58.827]
SG1303737993 [2.022, 2.023, 2.021, 2.02, 2.019, 4.903, 5.037, 5.038, 5.026, 5.031, 5.028, 21.478]
SG1303737998 [2.023, 2.021, 2.022, 2.021, 2.019, 4.949]
SG1303738046 [2.018, 2.014, 2.015, 2.015, 2.02, 4.929]
SG1303738194 [2.015, 2.018, 2.011, 2.014, 2.014, 4.926, 2.016, 2.011, 2.026, 2.038, 2.017, 3016.086]
SG1303738264 [2.016, 2.021, 2.037, 2.017, 2.016, 51.89]
SG1303738294 [2.016, 2.013, 2.018, 2.014, 2.018, 4.894]
SG1303738529 [2.014, 2.015, 2.019, 2.014, 2.024, 4.92]
SG1303738583 [2.014, 2.019, 2.015, 2.015, 2.013, 57.698]
SG1303738661 [2.016, 2.014, 2.019, 2.013, 2.014, 4.897]
SG1303738814 [2.016, 2.014, 2.041, 2.014, 2.069, 55.362]
SG1303738895 [2.045, 2.015, 2.016, 2.013, 2.013, 4.89, 2.012, 2.02, 2.013, 2.016, 2.012, 2766.732]
SG1303738934 [2.015, 2.016, 2.02, 2.016, 2.017, 4.886]
SG1303738960 [2.016, 2.015, 2.013, 2.012, 2.021, 58.634]
SG1303739304 [2.019, 2.015, 2.014, 2.016, 2.018, 4.972]
SG1303739337 [2.018, 2.018, 2.025, 2.014, 2.017, 50.582]
SG1303739517 [2.017, 2.014, 2.031, 2.015, 2.053, 4.883]
SG1303739567 [2.017, 2.015, 2.016, 2.015, 2.019, 4.916]
SG1303739751 [2.018, 2.047, 2.016, 2.019, 2.015, 56.458]
SG1303739792 [2.015, 2.017, 2.016, 2.016, 2.019, 56.53]
SG1303740059 [2.016, 2.013, 2.014, 2.019, 2.016, 51.834]
SG1303740076 [2.017, 2.015, 2.018, 2.013, 2.016, 4.929]
SG1303740095 [2.018, 2.014, 2.017, 2.015, 2.013, 4.904]
SG1303740101 [2.016, 2.017, 2.014, 2.014, 2.017, 58.835]
SG1303740145 [2.017, 2.021, 2.017, 2.022, 2.018, 51.42]
SG1303740210 [2.021, 2.018, 2.02, 2.017, 2.018, 4.952]
SG1303740305 [2.022, 2.022, 2.019, 2.023, 2.019, 4.91]
SG1303740329 [2.024, 2.047, 2.022, 2.023, 2.019, 4.857]
SG1303740628 [2.017, 2.017, 2.014, 2.014, 2.015, 4.928]
SG1303740854 [2.014, 2.017, 2.017, 2.015, 2.017, 55.763]
SG1303741057 [2.013, 2.017, 2.017, 2.014, 2.014, 56.338]
SG1303741200 [2.018, 2.017, 2.022, 2.017, 2.016, 57.559]
SG1303741487 [2.018, 2.019, 2.018, 2.058, 2.02, 4.92]
SG1303741531 [2.016, 2.016, 2.016, 2.043, 2.016, 4.944]
SG1303741532 [2.017, 2.016, 2.018, 2.016, 2.015, 50.706]
SG1303741602 [2.015, 2.02, 2.079, 2.018, 2.018, 4.858]
SG1303741697 [2.012, 2.017, 2.014, 2.023, 2.017, 57.767]
SG1303741832 [2.018, 2.018, 2.018, 2.017, 2.015, 4.88]
SG1303741960 [2.021, 2.019, 2.016, 2.017, 2.022, 4.901]
SG1303741980 [2.011, 2.014, 2.015, 2.019, 2.016, 4.945]
SG1303741993 [2.017, 2.015, 2.018, 2.012, 2.019, 4.897]
SG1303742283 [2.013, 2.014, 2.013, 2.018, 2.016, 4.915]
SG1303742461 [2.017, 2.023, 2.019, 2.019, 2.021, 57.105]
SG1303742691 [2.015, 2.049, 2.015, 2.016, 2.019, 55.209]
SG1303743083 [2.018, 2.061, 2.018, 2.018, 2.016, 61.971]
SG1303743335 [2.019, 2.018, 2.018, 2.017, 2.02, 4.899]
SG1303743588 [2.016, 2.028, 2.028, 2.013, 2.012, 4.912]
SG1303743602 [2.012, 2.012, 2.018, 2.013, 2.017, 59.43]
SG1303743988 [2.013, 2.012, 2.013, 2.037, 2.013, 4.926]
SG1303744269 [2.058, 2.016, 2.044, 2.014, 2.015, 4.845, 2.015, 2.02, 2.06, 2.016, 2.016, 668.602]
SG1303744456 [2.016, 2.016, 2.017, 2.013, 2.014, 58.166]
SG1303744523 [2.015, 2.017, 2.014, 2.015, 2.02, 54.994]
SG1303744557 [2.017, 2.016, 2.018, 2.017, 2.019, 53.619]
SG1303745017 [2.019, 2.019, 2.018, 2.017, 2.028, 56.948]
SG1303745644 [2.013, 2.015, 2.016, 2.012, 2.015, 50.69]
SG1303746405 [2.018, 2.017, 2.018, 2.019, 2.022, 53.341]
SG1303746646 [2.014, 2.018, 2.014, 2.013, 2.017, 56.673]
SG1303747610 [2.067, 2.027, 2.014, 2.018, 2.015, 52.055]
SG1303747853 [2.014, 2.017, 2.014, 2.014, 2.02, 4.96]
SG1303748159 [2.019, 2.02, 2.018, 2.017, 2.019, 57.519]
SG1303748247 [2.02, 2.022, 2.017, 2.019, 2.021, 4.935]
ZE1303699695 [2.018, 2.016, 2.015, 2.019, 2.016, 4.921]
ZE1303701892 [2.014, 2.018, 2.018, 2.012, 2.014, 4.925]
ZE1303703766 [2.014, 2.014, 2.013, 2.02, 2.014, 4.898]
ZE1303704573 [2.019, 2.019, 2.029, 2.017, 2.017, 4.959]
ZE1303709407 [2.02, 2.021, 2.024, 2.021, 2.017, 51.574]
ZE1303709408 [2.023, 2.022, 2.021, 2.019, 2.023, 57.451]
ZE1303712015 [2.015, 2.014, 2.014, 2.019, 2.014, 4.881]
ZE1303713662 [2.016, 2.014, 2.013, 2.013, 2.018, 4.959]
ZE1303714171 [2.02, 2.021, 2.017, 2.018, 2.018, 4.906]
ZE1303714749 [2.015, 2.011, 2.014, 2.014, 2.013, 4.934]
ZE1303715718 [2.017, 2.017, 2.015, 2.017, 2.015, 4.93]
ZE1303721207 [2.019, 2.021, 2.022, 2.021, 2.023, 4.901]
ZE1303725779 [2.016, 2.045, 2.02, 2.017, 2.016, 4.926]
ZE1303726415 [2.016, 2.014, 2.013, 2.014, 2.012, 4.921]
ZE1303730476 [2.021, 2.023, 2.06, 2.039, 2.022, 51.694]
ZE1303730492 [2.023, 2.019, 2.019, 2.024, 2.023, 51.134]
ZE1303731815 [2.015, 2.012, 2.016, 2.025, 2.015, 51.357]
ZE1303734095 [2.012, 2.017, 2.014, 2.016, 2.016, 51.273]
ZE1303734098 [2.044, 2.016, 2.015, 2.017, 2.015, 4.994]
ZE1303735598 [2.019, 2.022, 2.02, 2.021, 2.025, 4.924]
ZE1303735603 [2.018, 2.019, 2.018, 2.016, 2.018, 51.208]
ZE1303736524 [2.014, 2.014, 2.025, 2.018, 2.014, 53.856]
ZE1303740253 [2.021, 2.016, 2.02, 2.021, 2.059, 52.031]
ZE1303740275 [2.018, 2.021, 2.022, 2.016, 2.025, 53.452]
ZE1303742463 [2.02, 2.02, 2.019, 2.019, 2.019, 51.426]
ZE1303743526 [2.015, 2.019, 2.013, 2.017, 2.015, 51.676]
8079
